1.0
1.0
1.0
1.0
1.0
1.0
0.96
0.7619047619047619
0.14285714285714285
0.14285714285714285
0.14285714285714285
0.14285714285714285
0.14285714285714285
0.14285714285714285
0.14285714285714285
0.14285714285714285
0.14285714285714285
0.14285714285714285
0.14285714285714285
0.14285714285714285
0.14285714285714285
1.0
1.0
1.0
1.0
1.0
1.0
1.0
0.96
0.96
0.96
0.96
0.8695652173913043
0.8695652173913043
0.7
0.14285714285714285
0.0
0.0
0.0
0.0
0.0
0.0
1.0
1.0
1.0
1.0
1.0
1.0
1.0
1.0
1.0
1.0
0.96
0.8695652173913043
0.375
0.14285714285714285
0.14285714285714285
0.14285714285714285
0.14285714285714285
0.14285714285714285
0.14285714285714285
0.14285714285714285
0.14285714285714285
1.0
1.0
1.0
1.0
1.0
1.0
1.0
1.0
1.0
1.0
1.0
0.96
0.8181818181818182
0.7
0.7619047619047619
0.7
0.631578947368421
0.631578947368421
0.631578947368421
0.631578947368421
0.631578947368421
