0.0
0.0
0.0
0.0
0.0
0.0
0.0
0.7428571428571429
1.0
1.0
1.0
1.0
1.0
1.0
1.0
1.0
1.0
1.0
1.0
1.0
1.0
0.0
0.0
0.0
0.0
0.0
0.0
0.0
0.0
0.0
0.0
0.044444444444444446
1.0
1.0
1.0
1.0
1.0
1.0
1.0
1.0
1.0
1.0
0.0
0.0
0.0
0.0
0.0
0.0
0.0
0.0
0.0
0.0
0.044444444444444446
0.8860759493670886
0.8860759493670886
0.8860759493670886
0.8860759493670886
0.8860759493670886
0.8860759493670886
0.8860759493670886
0.8860759493670886
0.8860759493670886
0.8860759493670886
0.0
0.0
0.0
0.0
0.0
0.0
0.0
0.0
0.0
0.0
0.0
0.926829268292683
1.0
1.0
1.0
1.0
1.0
1.0
1.0
1.0
1.0
