14
15
16
17
18
19
20
21
2
3
4
5
6
7
8
9
10
11
12
13
14
15
16
17
18
13
14
15
16
17
18
19
9
10
11
12
13
14
15
16
9
10
11
12
13
14
11
12
13
14
15
16
17
18
9
10
11
12
13
14
15
11
12
13
14
15
16
17
13
14
15
16
17
18
19
20
7
8
9
10
11
12
13
14
15
16
17
9
10
11
12
13
10
11
12
13
14
15
16
17
15
16
17
18
19
20
6
7
8
9
10
11
17
18
19
20
21
22
23
24
7
8
9
10
11
12
13
14
15
10
11
12
13
14
15
16
17
18
19
11
12
13
14
15
16
17
18
19
20
21
9
10
11
12
13
14
15
16
17
8
9
10
11
12
13
11
12
13
14
15
16
17
15
16
17
18
19
20
21
22
23
7
8
9
10
11
12
13
20
21
22
23
24
17
18
19
20
21
22
23
24
25
26
27
15
16
17
18
19
6
7
8
9
10
11
12
13
14
7
8
9
10
11
12
13
14
15
16
17
9
10
11
12
13
14
15
16
17
18
8
9
10
11
12
13
14
15
12
13
14
15
16
17
18
19
11
12
13
14
15
16
15
16
17
18
19
20
21
15
16
17
18
21
12
13
14
15
16
17
18
19
20
21
22
11
12
13
14
15
16
17
18
19
20
21
7
8
9
10
11
12
13
14
15
16
13
14
15
16
17
18
19
20
21
14
15
16
17
18
19
20
21
13
14
15
16
17
18
19
8
9
10
11
12
13
14
15
16
17
18
12
13
14
15
16
17
7
8
9
10
11
12
13
14
15
16
17
18
19
20
21
22
8
9
10
11
12
13
14
15
16
17
18
11
12
13
14
15
16
17
18
19
11
12
13
14
15
16
17
18
6
7
8
9
10
11
12
13
14
15
9
10
11
12
13
14
15
16
17
13
14
15
16
17
18
19
13
14
15
16
17
18
19
20
10
11
12
13
14
15
16
10
11
12
13
14
15
16
17
18
19
20
21
22
12
13
14
15
16
17
18
19
20
21
22
23
24
12
13
14
15
16
17
18
19
20
21
10
11
12
13
14
15
16
17
18
9
10
11
12
13
11
12
13
14
15
16
17
18
19
20
10
11
12
13
14
15
14
15
16
17
18
19
20
21
22
23
24
13
14
15
16
17
18
19
20
21
22
11
12
13
14
15
16
17
18
19
10
11
12
13
14
15
16
17
18
19
9
10
11
12
13
14
15
16
17
18
6
7
8
9
10
11
12
13
13
14
15
16
17
18
19
20
14
15
16
17
18
19
20
13
14
15
16
17
18
10
11
12
13
14
15
16
17
8
9
10
11
12
13
14
7
8
9
10
11
12
13
14
11
12
13
14
15
16
17
18
14
15
16
17
18
19
20
9
10
11
12
13
14
15
16
17
10
11
12
13
14
15
16
8
9
10
11
12
13
14
11
12
13
14
15
16
9
10
11
12
10
11
12
13
14
19
20
21
22
12
13
14
15
16
17
18
19
8
9
10
11
12
13
10
11
12
13
14
15
16
17
6
7
8
9
10
11
12
13
14
15
3
4
5
6
7
8
9
10
11
12
12
13
14
15
16
17
18
14
15
16
17
18
8
9
10
11
12
13
14
15
16
8
9
10
11
12
13
6
7
8
9
10
11
12
13
14
15
4
5
6
7
8
6
7
8
9
10
11
12
13
14
15
16
7
8
9
10
11
12
13
14
15
8
9
10
11
12
13
14
15
8
9
10
11
12
13
14
15
16
17
10
11
12
13
14
15
16
17
18
19
20
18
19
20
21
22
23
24
25
14
15
16
17
18
19
20
21
22
23
24
8
9
10
11
12
13
14
15
7
8
9
10
11
12
13
14
10
11
12
13
14
15
15
16
17
18
19
20
21
22
14
15
16
17
18
19
10
11
12
13
14
9
10
11
12
13
14
15
16
17
5
6
7
8
9
10
11
12
13
14
6
7
8
9
10
11
12
13
13
14
15
16
17
18
19
20
21
22
8
9
10
11
12
13
14
15
16
17
18
10
11
12
13
14
15
16
17
8
9
10
11
12
13
14
10
11
12
13
14
15
16
17
18
19
