14
15
16
17
18
19
20
21
22
23
24
25
26
27
28
2
3
4
5
6
7
8
9
10
11
12
13
14
15
16
17
18
13
14
15
16
17
18
19
9
10
11
12
13
14
15
16
17
18
19
9
10
11
12
13
14
11
12
13
14
15
16
17
18
19
20
9
10
11
12
13
14
15
16
11
12
13
14
15
16
17
13
14
15
16
17
18
19
20
21
22
23
24
25
26
27
28
7
8
9
10
11
12
13
14
15
16
17
18
19
20
21
22
23
9
10
11
12
13
10
11
12
13
14
15
16
17
18
19
20
21
22
15
16
17
18
19
20
21
6
7
8
9
10
11
12
13
14
17
18
19
20
21
22
23
24
25
26
27
28
29
30
31
32
33
6
7
8
9
10
11
12
13
14
15
10
11
12
13
14
15
16
17
18
19
20
21
22
11
12
13
14
15
16
17
18
19
20
21
22
9
10
11
12
13
14
15
16
17
18
19
20
21
8
9
10
11
12
13
14
15
16
17
18
19
20
11
12
13
14
15
16
17
18
15
16
17
18
19
20
21
22
23
7
8
9
10
11
12
13
14
15
20
21
22
23
24
25
26
27
17
18
19
20
21
22
23
24
25
26
27
28
15
16
17
18
19
20
21
6
7
8
9
10
11
12
13
14
15
16
17
7
8
9
10
11
12
13
14
15
16
17
9
10
11
12
13
14
15
16
17
18
8
9
10
11
12
13
14
15
16
17
12
13
14
15
16
17
18
19
20
21
22
11
12
13
14
15
16
15
16
17
18
19
20
21
22
13
14
15
16
17
18
19
20
21
22
23
24
25
26
27
28
12
13
14
15
16
17
18
19
20
21
22
11
12
13
14
15
16
17
18
19
20
21
22
23
24
25
7
8
9
10
11
12
13
14
15
16
17
18
19
20
21
22
23
24
13
14
15
16
17
18
19
20
21
22
23
24
25
14
15
16
17
18
19
20
21
22
23
13
14
15
16
17
18
19
20
8
9
10
11
12
13
14
15
16
17
18
19
12
13
14
15
16
17
7
8
9
10
11
12
13
14
15
15
16
17
18
19
20
21
22
8
9
10
11
12
13
14
15
16
17
18
11
12
13
14
15
16
17
18
19
11
12
13
14
15
16
17
18
19
20
6
7
8
9
10
11
12
13
14
15
16
17
18
19
20
21
22
23
9
10
11
12
13
14
15
16
17
18
13
14
15
16
17
18
19
13
14
15
16
17
18
19
20
21
10
11
12
13
14
15
16
17
10
11
12
13
14
15
16
17
18
19
20
21
22
23
12
13
14
15
16
17
18
19
20
21
22
23
24
25
26
12
13
14
15
16
17
18
19
20
21
9
10
11
12
13
14
15
16
17
18
19
20
8
9
10
11
12
13
14
11
12
13
14
15
16
17
18
19
20
9
10
11
12
13
14
15
14
15
16
17
18
19
20
21
22
23
24
25
26
27
28
29
13
14
15
16
17
18
19
20
21
22
23
11
12
13
14
15
16
17
18
19
20
21
9
10
11
12
13
14
15
16
17
18
19
20
21
9
10
11
12
13
14
15
16
17
18
19
20
21
22
23
4
5
6
7
8
9
10
11
12
13
14
15
16
17
13
14
15
16
17
18
19
20
14
15
16
17
18
19
20
21
22
13
14
15
16
17
18
19
20
10
11
12
13
14
15
16
17
18
19
8
9
10
11
12
13
14
15
16
7
8
9
10
11
12
13
14
15
16
11
12
13
14
15
16
17
18
19
20
9
10
11
12
13
14
15
16
17
18
19
20
21
22
23
24
25
26
27
28
29
30
7
8
9
10
11
12
13
14
15
16
17
18
19
20
21
22
23
24
25
26
27
28
29
30
31
10
11
12
13
14
15
16
17
18
19
20
21
22
23
24
8
9
10
11
12
13
14
15
16
10
11
12
13
14
15
16
17
9
10
11
12
13
14
15
16
17
18
19
10
11
12
13
14
15
16
17
18
19
20
21
22
23
8
9
10
11
12
13
14
15
16
17
18
19
20
21
22
23
24
25
26
8
9
10
11
12
13
14
15
16
17
18
19
20
21
7
8
9
10
11
12
13
10
11
12
13
14
15
16
17
18
19
20
21
22
23
24
25
26
27
5
6
7
8
9
10
11
12
13
14
15
16
17
3
4
5
6
7
8
9
10
11
12
13
14
15
12
13
14
15
16
17
18
7
8
9
10
11
12
13
14
15
16
17
18
19
20
21
22
23
24
25
26
27
8
9
10
11
12
13
14
15
16
17
18
19
20
21
8
9
10
11
12
13
14
15
16
17
18
19
20
21
22
23
6
7
8
9
10
11
12
13
14
15
16
17
18
19
20
21
22
23
4
5
6
7
8
9
10
11
12
13
14
15
16
17
18
19
6
7
8
9
10
11
12
13
14
15
16
7
8
9
10
11
12
13
14
15
16
17
8
9
10
11
12
13
14
15
16
8
9
10
11
12
13
14
15
16
17
18
19
20
21
10
11
12
13
14
15
16
17
18
19
20
21
18
19
20
21
22
23
24
25
14
15
16
17
18
19
20
21
22
23
24
25
26
8
9
10
11
12
13
14
15
7
8
9
10
11
12
13
14
15
16
17
18
19
10
11
12
13
14
15
16
17
15
16
17
18
19
20
21
22
23
24
25
26
27
13
14
15
16
17
18
19
20
21
22
23
24
8
9
10
11
12
13
14
15
16
17
18
19
20
21
22
7
8
9
10
11
12
13
14
15
16
17
18
19
20
21
5
6
7
8
9
10
11
12
13
14
15
16
17
18
6
7
8
9
10
11
12
13
14
15
16
17
18
19
20
13
14
15
16
17
18
19
20
21
22
8
9
10
11
12
13
14
15
16
17
13
14
15
16
17
18
10
11
12
13
14
15
16
17
8
9
10
11
12
13
14
10
11
12
13
14
15
16
17
18
19
20
